mu: [-0.02678471121210252, 0.11516930757523564, -0.021584427503725558, -2.760175959131174E-4,
  -0.02824415097919516, -0.001442905474681677, 0.010645731797070311, 0.048905784913554316]
sigma1:
- [0.006528686907823704, 5.201743314845556E-4, -0.004195158537480234, -0.004671640993474576,
  0.00169332854784336, -2.6445222207137467E-4, 0.005213543753600332, -0.0021285720719776244]
- [5.201743314845556E-4, 7.250151638032563E-5, -7.705893304862024E-4, -1.8266777164687142E-4,
  2.1908054320816998E-4, -6.687718406298251E-6, 3.190259146477425E-4, -1.2542866654998948E-4]
- [-0.004195158537480234, -7.705893304862024E-4, 0.0195711567083562, -0.002400559644102127,
  -0.006509057968521428, -1.9368742723586984E-4, -0.00649096806633736, 0.015450313962850891]
- [-0.004671640993474576, -1.8266777164687142E-4, -0.002400559644102127, 0.006962851329153503,
  -6.626619007434576E-4, 2.8731172639917654E-4, -0.006059995910880137, -0.002977276181570716]
- [0.00169332854784336, 2.1908054320816998E-4, -0.006509057968521428, -6.626619007434576E-4,
  0.006063519542262589, 2.0836210796059613E-4, 0.014809984447414893, -0.012588729590601604]
- [-2.6445222207137467E-4, -6.687718406298251E-6, -1.9368742723586984E-4, 2.8731172639917654E-4,
  2.0836210796059613E-4, 2.1150253012324787E-4, -0.0022352663284267243, 0.00101480606737963]
- [0.005213543753600332, 3.190259146477425E-4, -0.00649096806633736, -0.006059995910880137,
  0.014809984447414893, -0.0022352663284267243, 0.34052193403386044, -0.18426557942343497]
- [-0.0021285720719776244, -1.2542866654998948E-4, 0.015450313962850891, -0.002977276181570716,
  -0.012588729590601604, 0.00101480606737963, -0.18426557942343497, 0.13214789249918715]
phi: 1.0
nClusters: 1.0
