mu:
- [-0.012106455963736825, -0.004845182916705036, 0.14049473834083523, -0.14479690570371664,
  0.0016257512246004545, -1.3124336030171374E-5, -0.06765925100725488, 0.032831801546470155]
- [-0.007608013436355553, -0.0032302871071875137, 0.05936792569898815, -0.2066440995261469,
  6.1902045322650455E-6, 5.315516674089958E-6, -0.00949899134690776, -7.19051080283469E-4]
- [-0.019636136932889233, -0.005077445417269719, 0.091628565356398, -0.11753391673183776,
  3.740460347426855E-4, 2.6290885272933404E-5, 0.019845363897455406, -0.015051795229080775]
sigma1: 
- [1.7879756996610463E-4, 4.650008345718455E-6, -6.213267365946626E-5, -1.7989485307315616E-4,
  7.061539564140222E-5, 6.691653552957916E-7, -4.1394857424885894E-4, 1.27775347388282E-4]
- [4.650008345718455E-6, 6.948181070815607E-7, 3.6578455586527683E-6, -1.3876671734404402E-5,
  1.2400439304599087E-6, 5.2610959270932035E-8, 6.841991256619817E-5, -1.770512111764582E-5]
- [-6.213267365946626E-5, 3.6578455586527683E-6, 0.008714681493690866, -0.004586470150766397,
  -1.3161329820234245E-4, -7.293752531840462E-5, -0.01737629154523649, 0.01170118092709596]
- [-1.7989485307315616E-4, -1.3876671734404402E-5, -0.004586470150766397, 0.003255233038260764,
  8.656103408324354E-7, 4.034428750069907E-5, 0.012348207271906454, -0.007625523913483215]
- [7.061539564140222E-5, 1.2400439304599087E-6, -1.3161329820234245E-4, 8.656103408324354E-7,
  0.0020842172253943327, 7.015631585527009E-6, 0.003671469631328902, -0.0014608167151409091]
- [6.691653552957916E-7, 5.2610959270932035E-8, -7.293752531840462E-5, 4.034428750069907E-5,
  7.015631585527009E-6, 2.001371302287759E-5, 2.2298283319978959E-4, -2.6507555724990673E-4]
- [-4.1394857424885894E-4, 6.841991256619817E-5, -0.01737629154523649, 0.012348207271906454,
  0.003671469631328902, 2.2298283319978959E-4, 0.331977088114511, -0.14130212784639115]
- [1.27775347388282E-4, -1.770512111764582E-5, 0.01170118092709596, -0.007625523913483215,
  -0.0014608167151409091, -2.6507555724990673E-4, -0.14130212784639115, 0.08524819870815899]
sigma2:
- [6.360829260235241E-10, 5.669557741847763E-9, 9.850179467756121E-8, -4.520841958388727E-8,
  1.0905306552681295E-10, -1.3478830956229503E-10, -5.5919545633392694E-8, -1.0836623124963663E-8]
- [5.669557741847763E-9, 3.6710288221313077E-7, 2.3186827270410142E-6, -4.511906208926844E-7,
  5.766180527877453E-9, -1.5645680397756834E-9, -1.1570815428093936E-6, 3.7365228748719784E-7]
- [9.850179467756121E-8, 2.3186827270410142E-6, 4.260384002051636E-5, -1.7187041612200217E-5,
  1.6659615541026934E-8, -6.406355723865904E-8, -2.083129258337584E-5, 7.070183155702951E-6]
- [-4.520841958388727E-8, -4.511906208926844E-7, -1.7187041612200217E-5, 9.473959451036361E-6,
  7.69127512683359E-9, 2.9313157169526577E-8, 1.1058182939187514E-5, -4.703759782788754E-6]
- [1.0905306552681295E-10, 5.766180527877453E-9, 1.6659615541026934E-8, 7.69127512683359E-9,
  6.076106415128541E-10, 3.903858617602791E-11, 2.475967344026368E-9, 3.026521372723791E-8]
- [-1.3478830956229503E-10, -1.5645680397756834E-9, -6.406355723865904E-8, 2.9313157169526577E-8,
  3.903858617602791E-11, 3.9240490109993786E-10, 4.911205911636148E-8, 2.9101445081241856E-9]
- [-5.5919545633392694E-8, -1.1570815428093936E-6, -2.083129258337584E-5, 1.1058182939187514E-5,
  2.475967344026368E-9, 4.911205911636148E-8, 9.610042444296734E-5, -3.23829036412896E-5]
- [-1.0836623124963663E-8, 3.7365228748719784E-7, 7.070183155702951E-6, -4.703759782788754E-6,
  3.026521372723791E-8, 2.9101445081241856E-9, -3.23829036412896E-5, 5.937157582068642E-5]
sigma3:
- [4.602119605829834E-5, 2.89825138089693E-6, 7.337000403145823E-5, -3.606947481279903E-5,
  -1.3232871059664477E-6, 5.876277247694841E-7, 2.133844880828002E-4, -1.364226396854101E-4]
- [2.89825138089693E-6, 2.3301250934763832E-7, 5.460209383582649E-6, -5.085411855702879E-6,
  -9.924659374152153E-8, 3.1763165653080317E-8, 7.713708114557483E-6, -6.179653077855008E-6]
- [7.337000403145823E-5, 5.460209383582649E-6, 0.0020041700462017707, -6.707908653526509E-4,
  6.271693514254091E-7, 4.636367045382708E-7, 2.7119183570802535E-4, -8.830642869869025E-5]
- [-3.606947481279903E-5, -5.085411855702879E-6, -6.707908653526509E-4, 9.180361040461981E-4,
  -1.5069802321978546E-6, -5.127303203983808E-7, 6.501902365418977E-5, 2.0783053158909855E-5]
- [-1.3232871059664477E-6, -9.924659374152153E-8, 6.271693514254091E-7, -1.5069802321978546E-6,
  1.9593946482070224E-6, 4.2440018216141415E-8, 4.0012184508175884E-5, -1.6288118602304137E-6]
- [5.876277247694841E-7, 3.1763165653080317E-8, 4.636367045382708E-7, -5.127303203983808E-7,
  4.2440018216141415E-8, 3.631149667277256E-8, 3.947304008633362E-6, -3.508296622091503E-7]
- [2.133844880828002E-4, 7.713708114557483E-6, 2.7119183570802535E-4, 6.501902365418977E-5,
  4.0012184508175884E-5, 3.947304008633362E-6, 0.013321157587579631, -0.0062016032057840426]
- [-1.364226396854101E-4, -6.179653077855008E-6, -8.830642869869025E-5, 2.0783053158909855E-5,
  -1.6288118602304137E-6, -3.508296622091503E-7, -0.0062016032057840426, 0.004082894037084798]
phi: [0.22452817173483813, 0.3770463520340049, 0.3984254762311567]
nClusters: 3.0
