mu:
- [-0.01860514072420514, 0.25877393245090347, 0.17030641091303694, -0.3894192702110785,
  -0.05222753823259893, -0.27675293088128894, 1.5371679348156646, -0.8502777631274026]
- [-0.3476183593035679, 0.48104884308576373, 0.02410254232372616, 0.028691292269417426,
  0.17318013047961345, 1.4396349223535037, -0.14048493503287535, -0.36978690222222854]
sigma1:
- [0.011759309474163685, -0.03190030525119546, -0.003958591740153945, -0.011054999277228828,
  -0.03211976348166461, -0.019808004469489042, 0.03896794015773297, -0.010455913280903489]
- [-0.03190030525119546, 0.10547215930447457, -0.02594574716751188, 0.0515561256847549,
  0.1296533004461104, 0.02097058606752821, -0.23445806552538603, 0.0353983928778581]
- [-0.003958591740153945, -0.02594574716751188, 0.08103913678853625, -0.04169719191308511,
  -0.07586190986643827, 0.06416574643905859, 0.24683076518323138, -0.010102868363646968]
- [-0.011054999277228828, 0.0515561256847549, -0.04169719191308511, 0.036797113161712594,
  0.08078378362065922, -0.018724276286513613, -0.187529477464417, 0.018328102034363622]
- [-0.03211976348166461, 0.1296533004461104, -0.07586190986643827, 0.08078378362065922,
  0.21091994785211468, -0.042432181651130815, -0.49952561625944647, 0.08035603892832342]
- [-0.019808004469489042, 0.02097058606752821, 0.06416574643905859, -0.018724276286513613,
  -0.042432181651130815, 0.23402785623556674, 0.2873604836727635, -0.058953406489622544]
- [0.03896794015773297, -0.23445806552538603, 0.24683076518323138, -0.187529477464417,
  -0.49952561625944647, 0.2873604836727635, 2.0196010691190605, -0.5601107856369337]
- [-0.010455913280903489, 0.0353983928778581, -0.010102868363646968, 0.018328102034363622,
  0.08035603892832342, -0.058953406489622544, -0.5601107856369337, 0.29766822658226244]
sigma2:
- [0.03579688379935124, -0.009766359179008928, -0.007511730101755401, -0.026542605979179845,
  0.028708937189908044, -0.19498904068657985, -0.009143253777043002, -0.014129021202000339]
- [-0.009766359179008928, 0.07606835074478376, 1.2394993272349089E-6, 0.0014808072540372981,
  0.14500301367057059, 0.19895751988863608, 0.013677743808684781, -0.005626284595406587]
- [-0.007511730101755401, 1.2394993272349089E-6, 0.0021067728544387075, 0.0061555287207662,
  -0.01322819156850958, 0.038567755683387155, 7.45213069912495E-4, 0.002551671958018137]
- [-0.026542605979179845, 0.0014808072540372981, 0.0061555287207662, 0.020963428003858888,
  -0.03847576559050273, 0.1318003219250164, 0.005003095225707076, 0.010205900167029614]
- [0.028708937189908044, 0.14500301367057059, -0.01322819156850958, -0.03847576559050273,
  0.5197663012526944, -0.003973211338881674, 0.0114246635665424, -0.01796054758325322]
- [-0.19498904068657985, 0.19895751988863608, 0.038567755683387155, 0.1318003219250164,
  -0.003973211338881674, 1.679233119945446, 0.08853653807017829, 0.04573272934762486]
- [-0.009143253777043002, 0.013677743808684781, 7.45213069912495E-4, 0.005003095225707076,
  0.0114246635665424, 0.08853653807017829, 0.014185863544974846, -0.0011707966552588042]
- [-0.014129021202000339, -0.005626284595406587, 0.002551671958018137, 0.010205900167029614,
  -0.01796054758325322, 0.04573272934762486, -0.0011707966552588042, 0.012870184454337026]
phi: [0.5030359574142941, 0.4969640425857059]
nClusters: 2.0
