mu:
- [0.0418373777455149, -9.874421996617774E-4, 0.44387428299730797, -0.3712713498133724,
  0.0010271174944413086, -0.0011028036153094792, 0.04477050669897388, -0.01928215280345231]
- [0.031359500607800905, 0.002191525878970401, 0.04716343313874495, -0.14434344233331683,
  -5.89324228442421E-5, 5.77564134069224E-6, -0.09842824729863534, 0.02984581344588301]
sigma1:
- [7.930361794802594E-4, 8.386865222849824E-5, -0.0015812471620089712, -0.0023910620441475188,
  -1.632956257740762E-6, 4.086306976322801E-5, -0.008672242544515677, 0.01129288963877105]
- [8.386865222849824E-5, 2.1800079639011865E-5, -8.892814785552662E-4, 1.9887240477681274E-4,
  -8.1655848028112E-5, 1.4563339535064914E-7, 0.002294745269866166, -6.797835484752657E-4]
- [-0.0015812471620089712, -8.892814785552662E-4, 0.07638391106282724, -0.041041607889583984,
  0.0050213473969881895, -0.001110569172231424, -0.14317070800434414, 0.03918971250703511]
- [-0.0023910620441475188, 1.9887240477681274E-4, -0.041041607889583984, 0.044631272220326784,
  -0.009666054055230062, -2.539255870413678E-4, 0.1659170285947704, -0.057165219668102195]
- [-1.632956257740762E-6, -8.1655848028112E-5, 0.0050213473969881895, -0.009666054055230062,
  0.013691337915826487, 3.9007258827143015E-4, 0.01301274270333027, -0.03991561324389045]
- [4.086306976322801E-5, 1.4563339535064914E-7, -0.001110569172231424, -2.539255870413678E-4,
  3.9007258827143015E-4, 9.840067457422895E-4, -0.024387800975378418, 0.007609554758651932]
- [-0.008672242544515677, 0.002294745269866166, -0.14317070800434414, 0.1659170285947704,
  0.01301274270333027, -0.024387800975378418, 3.070528221878756, -1.7471605939779336]
- [0.01129288963877105, -6.797835484752657E-4, 0.03918971250703511, -0.057165219668102195,
  -0.03991561324389045, 0.007609554758651932, -1.7471605939779336, 1.4282697500750285]
sigma2:
- [0.0017258382622604921, 2.717170995722552E-4, -0.0013592244743018038, -0.0046631128390289735,
  5.777686250357776E-6, 1.646805052346662E-7, 0.001632423406050858, -0.001811135481892668]
- [2.717170995722552E-4, 4.2779390150662935E-5, -2.1408479193978913E-4, -7.34067746588019E-4,
  9.10368794286964E-7, 2.605455255094297E-8, 2.57148139015849E-4, -2.850881592844292E-4]
- [-0.0013592244743018038, -2.1408479193978913E-4, 0.0029752874226949186, 0.0024479157028351748,
  -2.2243758231324244E-5, -2.49433440352804E-7, -0.009634616081103374, 0.0032497825267589126]
- [-0.0046631128390289735, -7.34067746588019E-4, 0.0024479157028351748, 0.013509304524520302,
  -4.196535442307394E-6, -2.385659964661343E-7, 0.001105136070283435, 0.0038528678075774496]
- [5.777686250357776E-6, 9.10368794286964E-7, -2.2243758231324244E-5, -4.196535442307394E-6,
  3.987428267429733E-7, -2.910589232715973E-9, 6.976042566367588E-5, -1.7974624677837592E-5]
- [1.646805052346662E-7, 2.605455255094297E-8, -2.49433440352804E-7, -2.385659964661343E-7,
  -2.910589232715973E-9, 1.1363567398727548E-8, 1.5607081404850488E-6, 8.997959823873021E-7]
- [0.001632423406050858, 2.57148139015849E-4, -0.009634616081103374, 0.001105136070283435,
  6.976042566367588E-5, 1.5607081404850488E-6, 0.045808797638379556, -0.012621235735800459]
- [-0.001811135481892668, -2.850881592844292E-4, 0.0032497825267589126, 0.0038528678075774496,
  -1.7974624677837592E-5, 8.997959823873021E-7, -0.012621235735800459, 0.007053238560185694]
phi: [0.5117741815426026, 0.48822581845739765]
nClusters: 2.0
